black: 899
white: 187
threshold: 543
#Start#
17472
19824
16248
19720
16476
16152
17820
17360
16576
15684
18372
17248
16028
17140
16924
20168
16240
17940
16912
17364
18936
16800
17704
15240
17252
17356
15904
18384
17360
16468
18260
18928
15812
16360
18824
18932
17148
18716
18936
19500
17592
18480
15236
19268
18044
15692
15904
19392
18376
16356
15124
18160
16696
15800
17480
16260
18832
14568
17920
16580
17248
16580
16592
17036
18712
19060
16472
15912
16588
15688
16692
18044
16256
16356
17820
16364
19152
17916
19720
16584
16812
17160
17264
16364
18264
19152
19264
18160
17260
16476
16020
18376
17476
17140
17940
16804
17592
18152
17816