black: 889
white: 197
threshold: 543
#Start#
12328
13440
15244
12328
13340
13784
13788
14796
14340
13000
14788
12660
14348
16256
14788
15460
15684
13112
13660
16356
14000
15920
15136
14224
12668
13332
14784
14784
17376
11656
12764
14224
12996
13004
15016
15800
12440
12780
11424
14680
16468
14460
11656
14896
13444
12544
13216
16024
13440
15016
15244
14904
12996
11992
15800
15460
14000
15008
11984
12432
15008
12772
15344
13560
15120
16924
16916
14896
16912
14004
14904
14904
13556
15236
14904
13900
11876
13680
14896
16588
13896
15020
16252
13564
15128
13684
13000

